32944;2;1700
29876;16;438
31028;30;3600
208503;7;140
31119;256;83
208504;7;185
32967;2;1682
32741;256;1090
32972;2;1688
32987;2;1800
31443;6;2410
31451;6;2403
33034;2;1737
33046;2;1695
32577;16;1
31550;256;436
30812;256;981
33051;2;1690
31108;4;3176
30624;16;3600
30829;256;1090
32896;256;1189
33066;2;1687
31440;2;3559
33081;2;1737
33075;4;779
30200;2;2492
33076;4;687
31461;6;315
33077;4;642
33105;2;1787
33078;4;859
33128;4;635
33129;4;688
208505;2;48
33130;4;642
208506;2;231
33110;1;1992
33103;1;2003
33144;4;692
32185;10;2
208507;2;454
33155;4;685
208508;2;46
33109;1;2647
208509;2;414
32976;256;785
33139;84;143
208511;2;14
208510;1;752
33179;4;494
33180;4;492
33181;4;490
33182;4;192
208513;1;17
208512;1;70
208514;1;19
208515;1;2
33211;4;154
33212;4;150
33213;4;141
208516;1;100
33132;2;1801
208517;4;12
208519;1;21
208520;1;10
208518;4;56
31573;256;1530
208521;1;19
208523;4;66
208524;4;55
208525;4;54
208526;4;51
208527;4;57
30842;256;786
208528;1;5
28210;4;2547
28208;4;3260
208529;4;80
208531;1;19
208530;4;80
208532;4;65
208533;4;61
33080;1;1687
33235;2;1718
33057;256;842
208522;1;1851
208534;1;751
33391;2;755
208536;4;25
33064;256;887
33397;256;40
208538;1;24
28291;240;3600
208537;4;684
208535;4;1559
33240;256;842
33063;64;419
33065;64;464
208540;4;453
208541;4;287
208539;7;568
33352;6;809
33291;256;785
33393;4;1573
208543;4;1234
208544;4;44
208545;4;73
208547;4;38
208548;4;97
208549;4;54
208550;4;37
208551;4;73
208542;4;1816
208552;4;110
33613;242;1040
208553;4;339
208555;4;56
208556;4;183
208557;4;65
208558;4;177
208559;4;55
208546;4;1846
32968;16;77
208560;4;168
208554;4;1452
208561;4;248
33621;1;1390
33626;4;1501
33073;256;839
33267;2;3162
33679;2;294
33274;2;3138
208562;1;1257
33394;256;923
33623;1;2784
208564;1;103
208565;1;103
208563;2;979
33427;256;788
33281;2;3439
33257;4;1426
33390;16;281
33693;4;2650
33469;256;1536
208566;8;241
33625;1;3540
208567;8;4
33284;2;3334
33285;2;3480
33797;1;44
33687;256;873
33767;1;1269
33800;240;96
33799;240;7
33419;1;2039
208568;8;1825
208569;4;1858
33778;1;2151
208570;2;11
32921;118;888
33808;1;1370
33806;1;1869
208572;4;12
33820;4;2400
33836;1;1684
208573;4;42
208574;4;18
208575;4;10
208576;4;10
208577;4;11
208578;4;11
208579;4;10
208580;4;12
208581;4;12
208582;4;11
208583;4;15
208584;4;12
208585;4;11
208586;4;13
208587;4;13
208588;4;11
208589;4;14
208590;4;13
208591;4;11
208592;4;14
208593;4;16
208594;4;14
208595;4;12
33830;1;2343
208596;4;12
208597;4;13
208598;4;11
208599;4;12
208600;4;11
33209;256;886
208601;4;13
208602;4;11
208603;4;10
208604;4;12
208605;4;11
208606;4;13
208607;4;12
208608;4;12
208609;4;23
208610;4;20
208611;4;22
208571;10;1824
208612;4;20
208613;4;76
208615;4;21
208616;4;20
208618;4;21
208617;4;40
208620;4;15
208619;4;23
208621;4;23
208622;4;21
208624;4;20
208623;4;61
208625;4;19
208628;4;19
208627;4;31
208629;4;21
208626;1;87
208630;4;21
208631;4;20
208632;4;42
208633;4;45
208634;4;35
208635;4;96
34040;1;24
208637;4;22
208636;4;84
208638;4;49
208641;4;5
208639;1;114
208640;4;133
208642;4;90
208643;4;6
208644;2;124
34056;32;451
34001;3;41
208645;4;145
208614;1;1251
33903;4;2138
208646;1;3600
34058;1;1850
208647;1;96
34100;1;786
208648;4;71
208650;8;20
208651;1;40
208649;4;344
208652;4;161
208653;2;99
34075;1;1933
208655;2;1
208656;1;5
34087;1;1857
31110;2;1373
208657;1;1
208654;4;534
208659;1;11
208658;4;99
208661;4;94
208662;4;261
208660;2;473
208663;4;78
208664;8;3600
208665;8;14
208668;0;3600
208669;2;78
208670;2;53
208671;2;123
208667;4;382
34069;223;3599
30813;8;1
208666;1;446
30815;8;14
208673;8;51
208672;2;133
208676;0;3600
208674;2;172
208675;8;361
208678;2;268
208679;2;20
208677;1;440
208681;8;39
208682;8;13
208680;2;194
208683;2;3
34249;1;262
208684;8;13
208686;8;13
208685;4;172
208687;4;81
208688;4;149
208690;8;26
208691;8;12
208693;8;32
208692;1;88
208689;4;764
208694;1;94
208696;1;102
34322;90;520
34347;32;26
34349;32;32
208695;4;722
208697;4;123
208698;4;74
33689;256;931
30982;2;2632
208700;1;14
208701;1;18
34221;4;302
208699;4;455
208703;4;178
208704;4;167
208702;1;727
34220;20;2064
208705;8;22
31109;2;1027
208706;8;34
33857;2;136
34401;136;809
34451;4;302
208707;8;34
34682;144;24
34683;144;86
208708;2;12
208709;2;13
34612;16;1379
208710;2;12
208711;2;12
208712;2;12
208713;7;43
208715;8;11
208714;4;112
30816;8;3600
31112;2;15
31118;2;10
208717;8;24
208718;8;23
208719;8;46
208720;8;182
34484;20;767
208721;4;105
208722;4;105
208723;4;5
208716;7;1801
34271;61;890
33918;256;835
33185;16;2090
208724;4;2
34688;4;3419
34743;5;661
34403;32;3527
34293;2;3395
34745;8;822
34306;2;3530
34702;32;33
34716;1;5
34298;2;3589
208725;4;1217
34744;20;1043
32128;16;5
34287;2;1799
33079;1;1
34761;7;142
34760;4;1262
34769;2;21
34770;2;17
34771;2;12
34772;2;7
34775;2;42
34778;2;33
34781;2;30
34774;2;48
34777;2;38
34773;2;53
34779;2;23
34782;2;17
34783;2;13
34784;2;7
34785;2;46
34787;2;37
34788;2;20
34789;2;15
34790;2;8
34795;2;31
34794;2;26
34792;2;49
34793;2;44
34797;2;23
34798;2;18
34799;2;14
34801;2;8
34804;2;33
34806;2;29
34803;2;46
34807;2;25
34808;2;21
34811;2;15
34812;2;11
34814;2;6
34802;2;53
34820;2;29
34817;2;47
34819;2;41
34822;2;8
34815;2;52
34826;2;34
34829;2;26
34824;2;49
34825;2;41
34827;2;30
34830;2;22
34831;2;13
34835;2;40
34833;2;51
34834;2;45
34836;2;32
34837;2;19
34839;2;13
34844;2;33
34845;2;27
34841;2;42
34843;2;38
34846;2;22
34840;2;55
34847;2;18
34848;2;10
34851;2;17
34849;2;48
34850;2;25
34852;2;12
34859;2;28
34854;2;50
34855;2;45
34857;2;39
34858;2;34
34853;2;54
34861;2;23
34862;2;18
34863;2;13
34865;2;8
34867;2;45
34868;2;27
34869;2;20
34871;2;5
34866;2;52
34875;2;30
34877;2;25
34872;2;50
34873;2;41
34874;2;35
34878;2;20
34879;2;14
34880;2;9
34882;2;28
34887;2;12
34889;2;13
34883;2;39
34885;2;29
34890;2;13
34891;2;7
34881;2;54
34898;2;11
34892;2;51
35058;2;32
35060;2;21
35057;2;39
35059;2;28
35061;2;16
35064;2;47
35068;2;27
35063;2;55
35066;2;41
35067;2;33
35069;2;23
35062;2;60
35065;2;51
35070;2;18
35074;2;35
35072;2;48
35073;2;44
35075;2;18
35076;2;13
35071;2;55
35079;2;17
35078;2;28
35085;2;11
35086;2;12
35080;2;36
35077;2;57
35087;2;12
35088;2;54
35106;2;44
35108;2;29
35107;2;37
35110;2;24
35111;2;14
35115;2;30
35112;2;42
35114;2;38
35116;2;17
35117;2;13
35118;2;9
35121;2;42
35119;2;55
35120;2;51
35122;2;24
35123;2;20
35124;2;15
35127;2;39
35125;2;55
35126;2;47
35128;2;27
35130;2;23
35131;2;19
35132;2;15
35136;2;45
35137;2;37
35138;2;25
35139;2;20
35140;2;14
35141;2;10
35133;2;60
35134;2;56
35135;2;52
35142;2;55
35146;2;45
35147;2;29
35148;2;8
35145;2;49
35152;2;36
35150;2;48
35151;2;42
35149;2;53
35153;2;26
35154;2;22
35155;2;17
35156;2;12
35157;2;8
35159;2;45
35160;2;40
35161;2;30
35158;2;52
35163;2;55
35164;2;50
35165;2;43
35166;2;38
35162;2;59
35167;2;32
35168;2;28
35169;2;24
35170;2;20
35171;2;15
35172;2;11
35176;2;18
35174;2;45
35175;2;23
35177;2;13
35178;2;9
35173;2;55
35182;2;31
35183;2;12
35180;2;45
35181;2;41
35184;2;8
35179;2;54
35187;2;41
35188;2;36
35185;2;54
35186;2;45
35189;2;23
35190;2;18
35191;2;13
35192;2;9
35197;2;25
35193;2;55
35195;2;47
35196;2;30
35198;2;20
35199;2;16
35200;2;11
35201;2;7
35194;2;51
35206;2;21
35207;2;18
35203;2;48
35204;2;38
35205;2;26
35208;2;14
35202;2;54
35211;2;35
35212;2;23
35213;2;16
35214;2;9
35209;2;57
35210;2;52
35217;2;45
35218;2;33
35219;2;23
35220;2;15
35215;2;54
35216;2;49
35221;2;10
35224;2;35
35225;2;16
35222;2;56
35223;2;51
35226;2;11
35227;2;35
35228;2;32
35229;2;33
35230;2;31
35232;2;16
35231;2;24
35234;2;13
35238;2;11
35240;2;7
35246;2;18
35244;2;22
35245;2;14
35247;2;10
35259;2;44
35260;2;31
35261;2;27
35262;2;22
35248;2;51
35263;2;17
35264;2;12
35265;2;8
35268;2;23
35266;2;47
35267;2;43
35269;2;12
35272;2;43
35271;2;49
35273;2;39
35274;2;34
35270;2;55
35275;2;24
35276;2;19
35277;2;16
35278;2;10
35283;2;15
34917;5;1433
35280;2;46
35281;2;39
35282;2;20
35279;2;53
35286;2;5
35285;2;20
35284;2;32
35288;2;38
35290;2;10
35294;2;26
35293;2;39
35291;2;51
35295;2;17
35297;2;45
35299;2;34
35300;2;22
35301;2;10
35296;2;54
35303;2;32
35302;2;50
35305;2;21
208726;8;16
35306;2;54
35307;2;46
35308;2;34
35309;2;23
35310;2;8
35312;2;36
35313;2;14
35311;2;51
34765;7;3227
35314;2;47
35315;2;43
35316;2;38
35318;2;23
35319;2;18
35323;2;50
35324;2;46
35325;2;38
35326;2;21
35317;2;77
35320;2;64
35321;2;59
35322;2;54
35327;2;65
35330;2;51
35331;2;45
35332;2;27
35333;2;21
35334;2;16
35328;2;61
35329;2;55
35335;2;45
35337;2;38
35338;2;25
35336;2;61
35341;2;49
35342;2;34
35343;2;26
35340;2;60
35339;2;54
35344;2;14
35345;2;59
35347;2;47
35349;2;42
35348;2;37
35350;2;29
35346;2;53
35356;2;32
35354;2;46
35355;2;37
35357;2;27
35351;2;62
35352;2;57
35358;2;22
35353;2;51
35361;2;34
35360;2;51
35362;2;16
35359;2;59
35363;2;60
35364;2;46
35365;2;39
35366;2;27
35367;2;22
35368;2;17
35369;2;13
35371;2;53
35372;2;48
35373;2;37
35374;2;16
35370;2;59
35377;2;50
35378;2;44
35379;2;34
35375;2;61
35376;2;56
35380;2;19
35386;2;23
35382;2;56
35384;2;45
35385;2;35
35387;2;17
35381;2;64
35383;2;51
35388;2;62
35391;2;45
35393;2;39
35394;2;31
35396;2;17
35389;2;57
35390;2;51
35399;2;47
35400;2;40
35401;2;30
35402;2;21
35397;2;61
35398;2;55
35407;2;45
35408;2;32
35409;2;25
35410;2;19
35403;2;66
35404;2;61
35411;2;14
35405;2;56
35406;2;51
35416;2;44
35415;2;49
35417;2;39
35412;2;60
35413;2;55
35421;2;29
35418;2;51
35422;2;38
35420;2;48
35419;2;53
35423;2;30
35424;2;25
35425;2;21
35429;2;15
35430;2;9
35426;2;34
35431;2;15
35453;2;9
35442;2;27
35450;2;23
35451;2;18
35452;2;14
35455;2;9
35467;2;10
35463;2;32
34274;2;2939
208727;2;12
208728;1;3
208729;1;16
208730;1;3600
34272;2;3098
208731;1;3
208732;1;3
208733;1;55
208734;1;3
208735;1;3
208736;1;1
208737;1;1
208738;1;56
208739;1;3
34741;9;1423
35469;28;44
35470;28;113
33418;1;2394
33856;118;342
34275;2;3056
34273;2;2493
34248;16;3053
35049;5;1
33150;8;3105
33529;8;2848
208740;1;1
208741;1;8
28297;240;2
34740;16;2185
35490;4;1311
34090;1;856
33286;8;3
33341;8;5
33346;8;1
33347;8;23
34408;256;625
35472;28;1
33819;16;1862
35395;9;981
4833;400;2
18178;432;71
18193;432;37
18220;432;190
28995;256;340
34074;3;2
24446;256;900
24480;256;16
26135;256;86
31389;256;85
31391;256;94
31397;256;190
31398;256;182
35538;256;688
31399;256;539
35541;16;2180
34251;16;3
33348;8;1
34767;7;3327
35666;64;16
35760;64;398
35476;118;436
34475;2;8
35550;30;3
208742;7;10
208743;7;1208
208744;7;1203
25199;32;3600
35818;7;107
35814;1;1876
35816;1;1798
35562;256;927
35838;64;187
35827;7;3141
35566;16;1538
35805;256;937
35537;8;3600
35895;8;1828
35639;16;2117
35553;1;1
208745;1;3600
208746;1;2
208747;1;4
208748;1;3
208749;1;7
208750;1;1
208751;1;8
208752;1;1
208753;1;735
208754;1;1
208755;1;1
35842;256;986
36054;8;2670
208756;1;1272
208757;2;1503
35928;2;3430
23705;512;3600
25196;265;51
208758;2;607
31400;256;559
36268;8;1817
35801;118;183
34259;16;3032
36347;8;3
35829;1;1362
33069;16;3599
35953;256;835
36434;8;1539
36423;1;1940
36432;1;2032
35929;2;1686
36466;16;553
36301;48;2770
36469;16;1195
36484;16;14
35931;2;1330
35843;16;1434
36486;16;1608
36517;16;1203
35996;50;3
36542;16;2400
36568;32;799
36574;32;894
36229;1;4
36600;32;918
36602;32;1201
36620;64;380
36624;64;752
36047;16;1874
35932;2;3573
35933;2;318
35554;30;5
36297;30;24
36628;2;1997
34264;16;3014
36646;64;536
36322;118;2551
35834;7;1694
36302;48;2781
36361;256;2298
36831;1;45
36304;48;2783
36783;2;2029
36849;16;488
36855;16;33
36692;2;3334
36691;2;3396
36629;2;538
36649;2;2635
35836;7;317
25197;512;3
36689;256;2433
36305;48;2764
35837;7;387
36306;48;2780
36307;48;2739
36828;256;2242
36308;48;2743
36857;16;3374
34265;16;3022
36502;16;2465
36782;118;3441
36731;30;3
36737;30;19
208759;7;24
208760;7;327
36914;256;2686
208761;7;5
208762;7;11
208763;7;1381
37148;1;7
37146;7;2599
37179;1;1575
208764;7;57
37169;1;2459
37210;1;56
208765;7;966
37055;256;2440
37177;1;937
37246;84;166
37247;4;906
37221;7;405
37275;1;26
34266;16;3029
36732;30;1
36738;30;29
36739;30;26
36740;30;44
36741;30;45
36742;30;37
37104;256;2242
37078;118;3337
37276;63;3
37222;256;2286
208766;15;23
208767;15;12
208768;15;12
208769;15;6
